9.666796875000000000e+01
2.773632812500000000e+02
9.881640625000000000e+01
3.214882812500000000e+02
1.009648437500000000e+02
3.628554687500000000e+02
1.160039062500000000e+02
4.069804687500000000e+02
1.439335937500000000e+02
4.290429687500000000e+02
1.783085937500000000e+02
4.455898437500000000e+02
2.105351562500000000e+02
4.483476562500000000e+02
2.449101562500000000e+02
4.511054687500000000e+02
2.749882812500000000e+02
4.511054687500000000e+02
3.050664062500000000e+02
4.511054687500000000e+02
3.308476562500000000e+02
4.483476562500000000e+02
3.523320312500000000e+02
4.290429687500000000e+02
3.544804687500000000e+02
3.931914062500000000e+02
3.544804687500000000e+02
3.490664062500000000e+02
3.544804687500000000e+02
3.076992187500000000e+02
3.544804687500000000e+02
2.773632812500000000e+02
3.544804687500000000e+02
2.470273437500000000e+02
1.331914062500000000e+02
2.332382812500000000e+02
1.546757812500000000e+02
2.042812500000000000e+02
1.826054687500000000e+02
1.987656250000000000e+02
2.137578125000000000e+02
2.029023437500000000e+02
2.384648437500000000e+02
2.125546875000000000e+02
2.825078125000000000e+02
2.139335937500000000e+02
3.007695312500000000e+02
2.084179687500000000e+02
3.190312500000000000e+02
2.056601562500000000e+02
3.372929687500000000e+02
2.070390625000000000e+02
3.523320312500000000e+02
2.222070312500000000e+02
2.685429687500000000e+02
2.359960937500000000e+02
2.728398437500000000e+02
2.553007812500000000e+02
2.771367187500000000e+02
2.718476562500000000e+02
2.792851562500000000e+02
2.883945312500000000e+02
2.427617187500000000e+02
3.187304687500000000e+02
2.578007812500000000e+02
3.187304687500000000e+02
2.749882812500000000e+02
3.187304687500000000e+02
2.878789062500000000e+02
3.187304687500000000e+02
3.007695312500000000e+02
3.187304687500000000e+02
1.654179687500000000e+02
2.415117187500000000e+02
1.783085937500000000e+02
2.304804687500000000e+02
2.105351562500000000e+02
2.304804687500000000e+02
2.212773437500000000e+02
2.415117187500000000e+02
2.083867187500000000e+02
2.470273437500000000e+02
1.783085937500000000e+02
2.470273437500000000e+02
2.878789062500000000e+02
2.442695312500000000e+02
3.029179687500000000e+02
2.332382812500000000e+02
3.286992187500000000e+02
2.359960937500000000e+02
3.372929687500000000e+02
2.470273437500000000e+02
3.286992187500000000e+02
2.525429687500000000e+02
3.029179687500000000e+02
2.497851562500000000e+02
2.169804687500000000e+02
3.766445312500000000e+02
2.406132812500000000e+02
3.600976562500000000e+02
2.685429687500000000e+02
3.463085937500000000e+02
2.792851562500000000e+02
3.490664062500000000e+02
2.878789062500000000e+02
3.463085937500000000e+02
3.072148437500000000e+02
3.573398437500000000e+02
3.222539062500000000e+02
3.766445312500000000e+02
3.072148437500000000e+02
3.821601562500000000e+02
2.921757812500000000e+02
3.821601562500000000e+02
2.771367187500000000e+02
3.821601562500000000e+02
2.578007812500000000e+02
3.821601562500000000e+02
2.384648437500000000e+02
3.821601562500000000e+02
2.212773437500000000e+02
3.766445312500000000e+02
2.492070312500000000e+02
3.683710937500000000e+02
2.792851562500000000e+02
3.628554687500000000e+02
3.007695312500000000e+02
3.656132812500000000e+02
3.201054687500000000e+02
3.766445312500000000e+02
3.007695312500000000e+02
3.656132812500000000e+02
2.792851562500000000e+02
3.628554687500000000e+02
2.470585937500000000e+02
3.683710937500000000e+02
